[-0.16991768 -0.04426193  0.00805989][-0.18980811  0.34396809  1.17126899][-0.46657496 -0.30284205  1.92445024][0.45023184 0.3421431  3.46564902][-0.26501903  0.40935826  3.33848408][-0.43144196  0.73648325  5.51440684][-0.79025079 -0.36330174  5.71933188][ 0.58752826 -1.06705209  7.34666891][ 0.28949255 -0.33110913  9.68523651]
[ 0.25805587 -0.08596667 -0.06362513][ 0.44065267 -0.10159186  1.53391284][ 0.07765762 -0.27566786  2.76063885][0.16306467 0.06338877 3.19904732][ 0.38223931 -1.02436086  4.32251359]
[ 0.28860873 -0.20105245  0.56569244][ 0.62942655 -0.58615281  1.19824158][ 0.03129701 -0.30591795  2.6464905 ][0.07827423 1.03662185 3.1127572 ][0.16523182 1.28733837 4.60707345][-0.73973904 -1.0624451   5.46885231][-1.09360606  0.67270503  6.63722214][-0.11763201  0.45377734  7.45252744][-0.39950295 -0.27582088  8.62803558]
[-0.12961803 -0.00369563  0.50403589][ 0.02062484 -0.13192142  1.45252129][-0.444599    0.40764174  3.23226336][ 0.24028385 -0.02716285  4.08228822][ 0.1570135  -0.12902531  4.0565196 ]
[-0.36608223  0.01358049  1.17804338][0.0544831  0.40294106 1.58296895][-0.987465   -0.63570661  2.37276336][ 0.31029153 -0.34702954  3.81321929][0.06784745 0.13331848 4.41638343][-0.46928345  0.19503974  4.43762471][-0.63298968 -0.21428867  6.25642744]
[ 0.0768917   0.49987312 -0.26064856][0.3223897  0.20522231 0.5353449 ][0.07738095 0.14842107 2.46875589][0.66746486 1.03232784 3.61911648][-0.03315527  0.4308116   4.47031097]
[ 0.74701297 -0.73599932  0.56534015][ 0.47470772 -0.02675765  1.44153612][-0.01379662 -0.01425358  3.70877788][0.45308861 0.11377995 3.65199997][0.73170323 0.10327067 3.77710048][-0.5574393  -0.04367509  6.4368962 ][-0.60246269  0.41628414  6.04965237][0.47593514 0.48563246 7.72156865]
[-0.71283331  0.06410218  1.15171206][ 0.20950347 -0.68871935  1.63000888][ 0.02909655 -0.16329721  1.94869408][-0.22444346 -0.26688409  3.51374117]
[-0.45216994 -0.27099553  0.50985557][-0.5310661  -0.03525052  2.20594616][-0.35642849 -0.13558382  1.97070575][0.2761902  0.3689823  4.02491918]
[-0.36172132  0.71757769  0.89908863][ 0.03433265 -0.23960613  1.520155  ][-0.4487741  -0.73759056  3.14829213][ 0.57372441 -0.22629207  2.22065803][ 0.28914785 -0.02222051  4.040303  ][-0.10920471 -0.53060947  5.24317575][-0.07227023  0.1680586   6.59423031][-0.54484796 -0.03153754  7.77973247]
[-0.20789281 -0.45891045  0.1897331 ][-0.6759832   0.25880667  1.23484793][0.36376815 0.39741619 3.36339065][-0.99539181  0.16108323  3.09891942][0.33350826 0.56067539 4.01910351][-0.47514795 -1.27484882  5.62396425]
[0.85672558 0.58905438 0.94387273][0.35303165 1.02303375 1.93402853]
[0.15940304 0.91687045 0.62707493][ 0.04428129 -0.78892594  2.17872398][-0.6287012   0.32863562  2.13463847][-0.0248609   0.62011675  3.93051654]
[-0.05122666 -0.11669257  1.4757268 ][-0.35461605  0.2919199   1.2865156 ][0.01527208 0.8287952  2.6349365 ][-0.24753697 -0.71812314  2.99616121][-0.36414289  0.93524345  5.01566307][-0.41815219 -0.16109552  5.52956638][-1.01640879  0.15397311  5.98614463]
[ 0.29087493 -0.31766314 -0.58083033][-0.18292966 -0.27718219  2.18594078][ 0.13556994 -0.66750198  1.67058933][-0.16669863 -0.63151783  3.67091583][-0.26360472 -0.30241506  3.8062002 ][-0.64151079 -0.1068324   4.46295407][0.26201477 0.02919545 6.91486444]
[0.52005935 0.70216556 1.35051464][-1.27992742 -0.52905831  1.48809484][0.72966281 0.03291359 2.00866256][0.36585129 0.1007368  3.48847516][-0.1236562   0.68357084  4.86623832][-0.27886317  1.00763122  5.30564759][-0.81749509 -0.14782264  6.65701314]
[-0.33785941  0.19800111  0.18276761][-0.60036173 -0.75828918  1.3328626 ][-0.05233182 -0.78727229  3.22146935][-0.42771751 -0.40130957  2.492972  ][-0.25746785 -0.77394933  4.1469448 ]
[0.39687555 0.30670941 0.29610584][-1.23762843 -0.51934826  1.16452007][ 1.25713125 -0.11155205  2.72292321][-0.86759015  0.68465131  2.7012807 ][ 0.22999967 -0.210067    4.20929447][-0.2299154  0.1086894  5.4736868][0.39894111 0.20713711 5.97806547]
[-0.96313699  0.35718232  0.27400172][0.20827527 0.0359212  2.3411927 ][-0.12343119 -0.46938824  2.8867094 ][-0.4079446   1.30451463  4.43800684]
[-0.48721309 -0.02833241  1.24796136][ 0.1970939  -0.30478604  2.86137248][ 0.16907448 -0.40325233  1.43336834]
[0.7459752  0.69950763 0.16021817][-0.80763089  0.3325614   1.7140832 ][ 0.41933663 -0.3556565   2.22711683][-0.2720053   0.3466643   3.40346483][-2.92971707e-03  3.71584112e-01  4.37893346e+00][-0.34747424 -0.43354974  4.98219854]
[-0.05683815  1.04740021  0.88552343][-0.6265582  -0.45518582  2.09726153][-0.70550424  0.28886395  1.57858087][0.56703839 0.89976815 3.75055445][-0.47160263 -0.03582179  4.90183436][3.40933497e-03 9.32454138e-02 5.63214836e+00][ 0.04376362 -0.22496279  5.96806892][-0.7558815  -0.81997247  7.41724744][-0.1790642   0.07684493  8.66007596]
[-0.20270923  0.07217332  0.84361513][-0.53161968  0.72398185  1.14509556]
[0.66330943 0.70080174 0.83836646][ 1.18145654 -0.17206004  1.19074964][ 0.70540914 -0.36573173  3.08449144][-1.4351307  -0.0446039   2.89865865][-0.52576546 -0.5394128   4.34002037][-0.22559801 -1.08151883  5.05951703][0.06773332 1.11684132 6.64801316][ 3.49923397e-01 -4.76679128e-03  7.95906583e+00]
[-0.74644141 -0.22924204  0.87107526][0.40140102 0.05356308 2.05211507][-0.85762235  0.2984592   2.92278765][0.10812778 0.23648706 4.80413809][-0.85914088 -0.12417528  3.81800665]
[ 0.41067251 -0.26789466  0.55843532][-0.21330103 -0.79180655  0.24671033][-0.3955693  -0.20693754  1.94581666][-0.75464966  0.89628743  3.89477727][ 1.04831616 -0.85141298  4.45564909][ 0.18593598 -0.43734135  5.86550916][ 0.3421452  -0.01683079  6.90082244][3.07139181e-03 6.92932921e-02 7.10227386e+00][-0.12261013 -0.45476387  7.77935466]
[-0.5595673  -0.6186366   0.95696758][-0.62815522 -0.0224598   1.5162166 ][ 1.03321727 -0.02407771  3.20585676][-0.14998474 -0.10840521  3.38711261][0.26425777 0.10487708 4.2314526 ][-0.46694121  0.2077945   4.65315225][-0.64292024  0.17593028  6.58750756][ 0.34373504 -0.31670083  7.75180926]
[-1.36650809  0.03971188  0.57728981][-0.57026768  0.32909793  1.72602897][ 0.50680935 -0.20769931  2.47994157][ 0.14908378 -0.41515091  2.31381831]
[ 0.89695414 -0.78946915  1.22617188][ 0.26524825 -0.02909588  1.19196207][-0.67059456  0.97698759  2.89662913][ 0.76276342 -0.15801126  4.05599385][ 0.4491135  -0.20978744  4.33865723][-0.2126314  -0.15668372  5.15176629]
[ 0.42681188  0.00698668 -0.12403092][-0.23116978  1.13336436  1.49321477]
[-0.06707168 -0.66616095  0.74930613][-0.46653911 -0.45155189  1.43736886]
[-0.0440993  -0.14030869  2.19970261][-0.06287623  0.04077884  1.09359993][0.43698308 0.3497536  2.13651147][0.12251081 1.06142727 4.19616085][ 0.31806418 -0.52846424  3.57112026][-0.62418171 -0.90973823  5.84915345][ 0.43928282 -0.12388062  6.0340924 ]
[-0.43830766  0.41411361  0.29083596][-0.04505146  0.98653817  0.92433991][-0.25284706  0.2542151   0.41573385]
[ 0.04628931 -0.65775554  0.33793515][0.78669665 0.33157298 0.53252246][0.18407196 0.49288768 1.7337294 ][-0.41251569 -0.3650817   2.67704324][-0.90815167  0.41139037  4.47651879][0.82784558 0.57566023 6.45793176][ 0.70073816 -0.88377915  5.87955303]
[ 0.51626209 -0.04160892 -0.47511045][0.15260204 0.05995469 1.47648081][-0.24114032 -0.27740865  3.27770518][-0.20273475  0.13557866  4.05740127]
[-0.29352267 -0.42646368  0.18944116][-0.09696804  0.17461242  1.38254349]
[0.68325461 0.09484388 0.0515379 ][0.54736998 0.05414906 2.10916859][-0.70208129 -0.10631108  1.35744085][-0.06256354  1.47425793  3.03703785][-0.36517425 -0.53473165  5.19857024][0.11655544 0.08005592 5.56963818][ 0.05112741 -0.21751956  6.38927003][-0.02700492 -0.10801372  7.09698573][1.15699441 0.56099459 8.93462926]
[ 0.58370954 -0.85173092  0.24483684][-0.02364627 -0.16307098  1.34194565][-0.4332184   0.69651598  2.6587546 ][-0.13641488  0.01936758  3.44610398][-1.40431687 -0.02107515  4.70573647][1.0874375  1.00248604 5.76311463][ 0.24002687 -0.29561112  7.06286641]
[0.61210016 0.29645475 1.02109744][-0.21997218  0.41483164  1.62031689]
[ 0.27310675 -0.53160611  0.13383295][-0.19106287  0.47710494  1.33271873][-0.06176826 -0.61629288  2.53263655][-0.31877942  0.69140666  3.92819933][ 0.37954544 -0.46960188  4.59332075]
[ 0.07760239 -0.18142907  0.13760737][ 0.22013347 -0.0447923   2.07501972][0.28196484 0.5895975  2.14831714][0.95226975 0.1930042  1.99750604][-0.18049805 -0.41638487  4.39755379][0.69247514 0.46965292 5.04267341][0.02897454 0.06493229 7.41084114][-0.44598321 -0.36744978  7.66260811]
[0.28994518 0.64721613 1.35371895][-0.37791171 -0.4076855   2.35910888][ 0.45956938 -0.36122757  2.32668511][-0.20962895  0.46652897  3.90080849][-0.12255462  0.33798851  4.95856275][-0.01045977 -0.88718032  5.54123016][1.00547715 0.19931089 6.71675414][-0.25131998 -0.49081037  6.62955735]
[0.10499398 0.6860068  0.21743429][ 0.18350547 -0.07249467  1.75219241][-0.50087228  0.36316168  1.56887707][-0.26497526 -0.21360036  2.79083467][-0.53166634  0.3675615   5.24430863][-0.64710431 -0.00772684  5.8718039 ]
[-0.21395917 -0.38002299  0.8694659 ][0.03332092 0.7262193  1.47344397][ 0.16158763 -0.08727794  1.92839968][ 0.09603915 -0.28404961  4.01784389][ 0.14759562 -1.12608957  5.0013563 ]
[ 0.69833352 -0.17983228  1.04509896][-0.33924965 -0.0098517   1.16611359][-0.28962785 -0.55551957  1.97976624][-0.06058346 -0.13654917  3.37853864][ 0.41382549 -0.48149713  5.47829875][0.54364068 0.20807618 4.83332505][-0.28817812  0.26511694  6.46366631][0.2288671  0.37987616 7.14736926]
[0.63613236 0.36153446 0.5072562 ][-0.11880896 -0.7253983   0.90912802][-0.08296202  0.30698873  2.89306186][-0.61638406 -0.8480151   4.12038656][0.3534011  0.65500098 4.42531352]
[-0.32763782 -0.57943199  0.62521754][-0.51551228 -1.155697    1.50756412][ 0.0039468  -0.01795123  1.99433908][-0.0780519   0.78689493  4.51835955][0.39424772 0.35544707 4.34898099][-0.72075449 -0.33700406  5.57014829][-0.03526032  0.24706828  6.2260547 ][-0.24847343  0.47265225  7.79088993][0.56661044 0.51155306 8.58971782]
[ 0.95142543 -0.0753628  -0.07134495][0.7281085  0.05839383 0.9533587 ][-0.33350531  0.27534922  2.7462915 ][ 0.17287768 -0.34982656  3.17100685][-0.60909207  0.09070749  5.31543018][ 0.28087457 -0.03938573  5.50386842][-0.95009557  0.41557307  6.96316364][ 0.1897704  -0.34198835  6.96947206][ 0.94258932 -0.24277026  8.63424334]
[-0.84847885 -0.13623768 -0.31226314][ 0.60826014 -0.58057149  1.06842512][ 0.15591668 -0.54959626  3.54576748][ 0.4347489  -1.15552189  4.28266115][-0.54109636 -0.16318004  5.15136509][-0.53667237 -0.53577105  5.4950406 ][-0.06664153  0.28762797  8.15168879][ 0.06466768 -0.17419672  6.75512142][-0.06368715 -0.98592461  8.18984195]
[-0.49298423 -0.40115019  0.38221062][-0.03887365 -0.72924551  0.9676391 ][-0.41692906 -0.12527083  2.876067  ][0.62413823 0.41068002 3.18940064][ 0.48037756 -0.32483193  5.55208829][0.06418798 0.34367027 5.33183402][ 0.73603633 -0.79050045  7.19216925]
[ 0.10098386 -0.54635898  0.24254884][-0.76118666  1.3324345   1.63606415][0.03346908 0.21239611 2.43828487][ 0.17518119 -0.42368253  3.77967703][0.21162169 0.96455369 4.74316728][0.04710031 0.5309408  5.42210839]
[-0.40823429 -0.70838157  0.62809476][ 0.24339331 -0.13451445  2.2577686 ][-0.32083128  0.39643761  1.91028344][0.76448783 0.15282819 3.53255188]
[ 0.16748244 -0.32619009  0.13939055][-0.51407073 -0.28527855  1.11532899][1.25207331 0.06722235 1.52261685][ 0.69143515 -0.88496418  3.1555085 ][0.26781895 0.44455153 4.58942743]
[0.81802441 0.18525406 0.64343836][0.57040751 0.81389958 1.29324264][-0.00811907 -0.88964162  3.35864593][ 0.06085327 -0.25821468  2.89303038][-0.16391796  0.47188794  4.39323583][-0.15834582  0.34073433  5.03484465][-0.01485427 -1.16407274  6.05961216]
[-0.17254116 -0.66418291  0.53993731][ 0.2527633  -0.30667515  1.0627104 ][0.36380607 0.2552671  1.98247212]
[-0.22538893 -0.73306571  0.88486174][-0.2481724  -0.11792034  1.39550289][ 0.24671842 -0.45181476  2.33449675][-0.61215687 -0.31887029  2.68185422][-0.17685341  0.62203424  4.06740254][ 0.08311415 -0.25321983  5.1171708 ]
[-1.0880542   0.20721985 -0.13843288][ 0.35137397 -0.07604461  0.64690409][ 0.71534131 -0.8915432   2.52068332][ 0.48605359 -0.14840762  4.22329212]
[-0.44050342 -0.72958223  0.67751466][-0.44716764 -0.00652675  1.52910002][0.55453003 0.40122414 2.04987988][-0.0942714  -0.0901922   4.24879832][-0.66145081 -0.02409165  3.89039631][0.5624372  0.81843564 5.5213918 ][-1.21890798  0.36524182  6.52729236][ 0.08122591 -0.46255553  7.56911048]
[-0.35664728 -0.47586234  0.081591  ][-1.03032724  0.0824197   1.0153816 ][ 0.20011441 -0.02171747  2.475388  ][-0.78456309 -0.18915412  3.57752371][-0.51961513  0.27225619  4.33544026]
[ 0.51584873 -0.24037503  0.79387306][0.99438218 1.16270643 0.79338658][-0.64979097 -0.1299823   2.66757301][ 0.33030665 -0.11448243  2.47287463][ 0.31999349 -0.60853175  4.51333617][0.88669259 0.70264245 6.46791981]
[-0.74286989 -0.07114493  0.63502124][-0.97763196 -0.20285443  1.24123813][ 1.69645858e-01 -6.02629751e-04  2.93004618e+00][-0.2449253  -0.56311576  3.91368318][ 0.86519764 -0.45210115  5.0099129 ]
[-0.27128635 -0.37524891  0.98348875][-0.20587691 -0.51408457  1.62804923]
[-0.77983812 -0.27075029  0.83783881][-0.17211321  0.35508419  0.61764422][-0.37542509  0.28156415  2.8910679 ]
[ 0.26419558 -0.34879954  0.03329075][ 0.83649055 -0.7164874   2.22745235][ 0.16827378 -0.35831723  2.59457854]
[-0.1055024   0.4862528   0.47861819][ 0.86139332 -0.92036674  1.99880535]
[ 0.38660959 -1.20314996  0.85518169][0.4783247  0.4424079  1.87240615][-0.65964501 -0.21900218  2.72850707][-0.46604106 -0.04086134  3.2548237 ]
[0.12046189 0.21021411 0.59856012][-0.17370894 -0.05599236  1.49198506][ 0.16611927 -0.01504246  2.42445802][0.94844701 0.18888306 3.41013332][0.65681453 0.30705953 4.21957288][ 0.09929146 -0.19031593  5.0918157 ][-0.2489921  -0.61353293  7.18662033][1.00868449 0.71284404 7.27639089]
[ 0.42400954 -0.52630389  0.17216318][0.35299793 0.49658896 2.14502084][-0.07663231 -0.40959567  2.82120059]
[ 0.09992828 -0.59380651  0.08071907][ 0.06829932 -1.20016572  1.00535305][0.41588127 0.49358836 2.06700771][1.09859199 1.38899131 3.20520532][-0.14949526  0.0855877   5.20952788]
[-0.53811384  1.07822816  0.08574103][-1.01435043 -0.24807329  1.48262443][-0.08831744 -0.1224146   2.44374758][-0.29869217  0.78654833  3.53225877][0.05420258 0.53626261 5.00877373][2.74319032e-01 2.94373561e-03 6.52065269e+00]
[ 0.03626036 -0.60322331  0.53749698][0.1011183  0.69098624 1.45363016][-0.11836673  0.78145079  3.06458709][-0.59971181  1.06333446  2.78096553][0.14374103 0.26866841 4.03489023]
[-0.58838243 -1.06878316 -0.2726692 ][-0.11929829 -0.08648801  1.18942851][-0.14872176  0.32196925  2.8463575 ][ 0.20713719 -0.17514498  2.62693078][0.16698112 0.29792911 4.64168684][ 1.17173321 -1.19240667  5.64949729][0.27389991 0.01793361 6.85953364][-0.20532801  0.29455707  8.01500974]
[ 0.0307443 -0.0147332  0.5768573][-1.10256677 -0.54081328  1.87740094]
[0.11746202 0.22656878 0.53861144][-0.24905409  1.22301939  3.04608998]
[-0.68422156  0.45441924  1.30653834][0.298782   1.35433865 1.34696855][ 0.39261092 -0.14262557  2.5546909 ][1.39673672 0.34453037 3.20238427]
[ 0.38713868 -0.36612629  0.2163846 ][0.42566174 0.60902869 1.61268287][0.09392857 0.96512378 3.23350879][-0.48039891 -0.37626899  3.52846284][-0.41310703 -0.12869063  4.81891226][ 0.02292614 -0.40348074  5.1893954 ][0.22588532 0.1784461  6.81228427]
[-0.12835937 -0.29748877  0.14384856][-0.82504245  0.60614895  2.30599161][0.18058015 0.27409821 2.51015076][ 0.42262615 -0.71238077  2.78348252][-0.31387972 -0.05324409  5.10289321]
[-0.1612647   0.308707    0.26976764][ 0.75899645 -0.32691404  1.34941219][-0.3909124  -0.26337317  2.21789233][ 0.1952388  -0.07220921  3.77032395][1.1415341  1.01940152 3.97067528][ 0.48167544 -0.09953688  6.28603475][-0.05467715  0.26170264  6.93167042]
[-0.95750891  0.27039606  0.2049083 ][0.07855571 0.01993031 1.09171124]
[-0.37328735 -0.26829939  1.44474985][0.71735119 0.73965637 2.04647306][0.77774248 0.37976131 1.69514138][0.28127137 0.39491814 2.84376134][-1.17661118 -0.26519595  4.82497099]
[0.71412238 0.1663344  1.02635659][0.53153946 0.09692358 0.64977162][-0.88550622  0.04661367  2.87459394][0.30606218 0.22763096 3.28978835][-0.13760332 -0.40500427  5.95189545][-0.0414235   0.11104246  5.56668639]
[-0.37591342 -0.66441101  0.28326615][-0.85483305 -0.1123966   2.10021275]
[-0.66812546 -0.12426335  0.18618315][-0.40580578  0.44844616  1.2313266 ][-0.06280652 -0.27242574  2.68140232][-0.06642271 -0.75168066  4.12941057]
[ 0.20685104  0.60363561 -0.22716448][0.04719215 1.05440311 1.46244088][ 0.3464244  -0.1894459   2.68214535][ 0.39228452 -0.21804208  3.16085975]
[-0.12186175 -0.07641791  0.75793691][0.49065122 0.20055695 1.68923676][ 0.20689265 -0.08812767  2.5324149 ][0.25320517 0.05661309 2.95465852]
[ 0.47906069 -0.3031154   0.44228968][-0.44539103 -0.0305992   1.17854214][ 0.56119571 -0.32318343  2.29955079][-0.47920453  0.11072436  3.29586239][0.30210877 0.0892684  4.49357164][0.29432383 0.05540313 5.72870693][0.26460844 0.60890956 6.83408689]
[-0.80481069 -0.00222531  1.34105038][-0.71402629 -0.3942321   1.31662376][0.00375468 0.04391279 2.67106314][ 0.14511784 -0.23681538  3.67675854][ 0.34935363 -0.01901126  4.71038053][0.56031861 0.28411875 5.15513547][ 0.47756735 -0.69625582  6.24477895]
[ 0.68272381 -0.10098191  0.06900005][-0.32842969 -0.08296467  1.62152103][-0.24659833  0.46732027  1.69544521][-0.20097853  0.16039707  2.51835692][ 0.5272173  -0.39683375  4.46564045][-0.44542769 -0.1089993   5.58616913]
[-0.77560624 -0.26527612  0.79239969][-1.1198243  -0.4977223   2.13207225][-0.71074545 -0.05129529  2.02994967][-0.12986639 -0.05857966  2.73331241][0.28140429 0.23126451 4.82655761][ 0.57884702 -0.35161979  5.06720845][-8.53485652e-04 -1.63962254e-01  7.25163636e+00]
[-0.19314245 -0.73007655  0.46855052][0.13855843 0.80157498 2.78184144][-0.35705932  0.06068393  2.61950157][0.72137276 0.15445406 2.52064787][-0.65857033  0.94995439  4.22104252][-0.09434167  0.1082289   5.01927804][ 0.90047258 -0.14839578  6.36052775]
[-0.54320796  0.38469998  0.78718395][0.32062632 0.91692762 1.37236376]
[0.51079925 0.23263057 1.09713319][-0.2468001  -0.67837539  0.77848129][ 0.46548461 -0.46855942  3.21096408][0.6234435  0.37493689 3.61570394][-0.02555736 -1.20587294  4.37354012][ 0.21853798 -0.7633992   5.47210455][ 0.02110559 -0.79607313  6.25149571]
[ 0.3156421  -0.17116021  0.74255199][ 0.53673139 -0.14230667  1.61454483][-0.07083571  0.8194182   2.55580897]
[-0.45736697  0.03714098  1.15901802][-0.07301878  0.27054022  2.22505966][ 0.62196008 -0.15201998  1.60061561][-0.0649961   0.58160643  3.42253863][0.13760366 0.50546512 3.97219765][0.53762844 0.38945642 5.79880845][0.29519809 0.15488157 5.38390475][0.49266551 0.82939142 7.67565412][0.78017316 0.32730076 7.93934565]
[ 0.69381852 -0.31427117  0.31790845][-0.38841108  1.3695417   2.58517394]
[ 0.15805284 -0.51169153  0.53799232][-0.20540591 -0.77936844  1.90379961][0.08172863 0.52837986 2.03215997][-0.10903965  0.85826035  3.44671095]
[-0.37990923 -0.10149292  0.28877478][-0.62285314 -0.08210025  1.71554822][0.07276547 0.82269185 2.68890665][0.16036472 0.5269369  2.87288371][-0.07206067  0.77009941  5.09506505][ 0.11438825 -0.92794548  5.57550099][ 1.04718707 -0.87541836  6.43546987][-0.19130894  0.33226872  7.4620461 ]
[ 1.07899812  0.96181309 -0.23064721][-0.47568545  0.3636633   1.76756384][ 0.34011855 -0.37315126  2.40829508][-0.42943925 -0.24988896  3.23054566][-1.52817473  0.24556449  4.42910242][ 0.95266321 -0.48106348  5.54634273][-0.28876725 -0.75759333  6.5901611 ][ 0.2240052  -1.20293721  7.0812195 ][0.29278591 0.16247878 7.86886531]
[-0.40279411  0.0040026   0.87890319][0.61413346 0.77987637 0.656713  ]
[0.10771399 0.2161272  0.74904103][0.91074901 0.07842176 1.16878323][-0.03229222 -0.33063738  1.83678241][-0.74797103  0.05652581  3.84086474][0.66148942 0.33573919 4.64200666][-0.05367851  0.28845416  4.99324009][0.27695664 0.40405819 5.96455093][-0.24195921 -0.04838567  7.86201631]
[-0.21519652  0.03903379  0.46633954][-0.31332967  0.58495459  2.32163879]
[ 0.07261091  0.22495747 -0.16484478][-0.99678206 -0.20666877  2.14654043][0.81632836 0.21203509 2.80609283][ 0.3395248  -0.09102875  3.68586415][-0.00427643  0.53437787  3.96301149][-0.42394385 -0.57217172  5.69020429]
[-0.37132046  0.4621695   0.37203939][-0.24882776 -0.48607422  1.27900105][0.55384987 0.11912908 2.99674611][ 0.71223484 -0.66552649  3.46632403]
[-0.17921874  0.06597619  0.80456623][-0.24477774 -0.10500003  1.84666298][0.42853336 0.44412308 3.47293716][ 0.05487029 -0.58568062  3.09595658][-0.55288176  0.11189285  4.31883393][ 0.05043224 -0.44988198  5.38035649]
[-0.40978694 -0.70159855  0.32936982][ 0.6591998  -0.85644248  1.62340654]
[-8.07952687e-02 -8.39845058e-01 -7.15734459e-04][0.52527888 0.98167092 1.60173603][-0.27102926 -0.11140519  2.76614578][ 0.2767392  -0.16274277  3.40974616][0.81042027 0.59578256 5.11686436][-0.84445975 -0.16759582  5.28426199][0.43762093 0.2598707  6.13597185][ 0.28160351 -0.14435467  7.34900423]
[0.33582348 0.3099009  0.64660184][ 0.1181392  -0.35401136  1.61384377]
[-0.16962124  0.88509894 -0.17675363][0.21058419 0.42805123 1.35203567][-0.49211057 -0.08606309  3.28023491][-0.40946902 -0.25947598  2.28540435][0.14638389 0.14995924 3.98332955][-0.4203087   0.85952794  5.38092049][0.1398726  0.1505693  6.34383837][ 0.77319042 -0.43637892  6.70017581]
[-0.16664531 -0.2870093   0.61003865][-0.66146014 -0.5949136   1.21378198][-0.07216944  0.02640356  2.06384351][-0.19443971  0.41660875  3.46999218][-0.1996019  -0.42785922  4.76689207][-0.06621212 -0.50578462  5.13011217][ 0.15576572 -0.32613404  6.80924025][-0.04465391 -0.35592594  8.22381154]
[ 0.09840634 -0.13882401  0.19754699][0.22624383 0.55430144 1.60058722][-0.01022219 -0.66994338  1.83087937][-0.02176564 -0.88189761  3.54851603][-0.14276894 -0.17853589  4.50363624][0.02666355 0.14666895 5.73883998][-0.03581794 -0.87543299  7.27096386][ 0.05533648 -0.42174437  6.44342785][-0.3974347  -0.05092207  8.73143464]
[-0.0533157   0.25087509  0.60726902][0.4918216  0.08128104 1.02954721][0.65123188 0.253476   2.15480424][0.40960795 0.63326801 3.0815355 ][0.2043028  0.37145451 3.99856252][-0.13705943  0.73715326  5.69488321][0.21485205 0.03480599 6.44678282][0.33087916 1.18282832 7.42641906][0.17039377 0.37983823 8.96489755]
[ 0.0392143   0.68542583 -0.29369356][ 0.10342097 -0.20683962  1.29836929][ 0.12728351 -0.02668441  2.05089106][0.84355431 0.03784874 3.46971993][-0.56703854 -0.11172509  3.86577487][ 0.88814622 -0.60179462  5.35671441][-0.23124857  0.59230236  6.92748977]
[-0.63791771 -0.01671628  0.57849167][ 0.32946186 -0.09015078  1.15501479][0.01350872 1.182227   1.84119542][0.15602589 1.14055255 4.02816828][-0.49633259  0.01991088  3.57647547][-0.69750416 -0.52137095  5.83611316]
[ 0.28606395 -0.35563238  1.07327306][-0.02755982  0.21127657  1.04983018][-0.1867808   0.30717621  2.85421082][0.10316515 0.81342399 3.25647587][-0.18816969 -0.43681659  5.13327943][-0.3238573  -0.52053026  6.0883769 ][ 1.76961532e-03 -4.50242750e-01  6.04570352e+00]
[-0.48539506 -0.17365926  1.12957113][-0.19877417  0.00563118  1.62049039][0.20356137 0.08240647 2.43718249][-0.67564854 -0.38769553  3.26821355][-0.71186227 -0.30408794  3.75092087]
[ 0.09872871 -0.36436335  0.38173353][0.96524365 0.18852414 1.68032203][ 0.59532424 -0.43878541  2.74853563][ 0.08274755 -0.34683698  4.05844527][0.62745133 0.49856588 4.4128216 ]
[0.98301925 0.43179742 0.65040337][ 0.16325484 -0.49876622  0.74116008][-0.06589168 -0.16852591  2.28304641][ 0.16113159 -0.31586456  3.47543216]
[ 1.26853339 -0.03397789  0.49018745][-0.01955277 -0.5176397   2.15716932][0.42332341 0.1870118  2.10197143]
[-0.00300984 -0.45055519 -0.0880391 ][ 0.23561373 -0.62732632  2.0766296 ][0.07431196 1.13640085 2.42127599][0.00889275 0.26164844 3.42209954][0.84977117 0.49130384 4.26454457][-0.23972441 -0.09260298  5.79782153][-0.08983824  0.44236722  6.93450534]
[ 0.22694733 -0.80695562  0.48944115][0.59626727 0.05556262 0.82615261][-0.76045736 -0.51604871  2.17367231][-0.35014543  0.44831911  3.89634881][ 0.17418552 -0.10018446  4.48731411]
[-0.06488471 -0.06749682  0.13536883][-0.91594244 -0.24935277  2.1635607 ][0.16674337 0.61065929 2.47207516][0.43896452 0.09664275 4.29734941][0.25531658 0.02339076 5.56739667][-0.28625103 -0.02769003  5.80901173][-0.4528604  -0.85334294  6.75691698][-0.34863135 -0.33635732  6.42805582][-0.66863658  0.19603604  8.70775659]
[-0.31988033 -0.17011016  0.82766677][-0.2977299   0.21022494  1.30852069][-0.37405006 -0.75731196  1.89698132][-0.78443094  0.61869459  3.75362222][0.31021813 0.05664995 4.38441325][0.42363948 0.11905136 5.20155302][ 0.34426605 -0.52248009  6.36839227][ 0.3634127  -0.17916452  7.42062346][-0.99499311 -0.28054001  9.19027123]
[ 0.6722841 -0.159318   0.7458096][-0.30411902 -0.91143854  1.25220687][-0.70630989 -0.08009471  2.62699601][ 0.66635487 -0.11413916  3.40265956]
[ 0.64786072 -0.03111515  0.40927022][-0.35542825  0.13150981  1.63541974][ 0.1261569  -0.84587134  1.52353124]
[-0.33536796  0.02207163  0.54800736][-0.9712133  -0.1090162   1.45738442][0.69157937 0.20647434 1.58932244][ 0.51270023 -0.484784    3.44780924][-0.17344743 -0.38500957  3.47073189][0.71914246 0.18107288 5.71548287][0.37403818 0.62095342 5.97703813]
[ 0.07723391 -0.88748804 -0.00345233][ 0.36498636 -0.28205288  1.33425877][-0.4572345  -0.58188986  2.0481708 ][0.3886207  0.29878212 3.0806782 ][ 1.20662013 -0.42746884  4.3085705 ][-0.85259365 -0.1411606   5.2601637 ][0.42764727 0.42617925 6.53308124][-0.68648558  0.84542414  7.15541746][0.02610007 1.40760528 8.44564056]
[ 0.44341017  0.12049679 -0.65877888][-0.0390226  -0.50750905  0.6330248 ][-0.4333758   0.22830832  2.30721146][0.46306471 0.11032903 3.46998354][-0.16700191 -0.7438005   4.8858712 ][ 0.05781053 -0.23224102  5.7632475 ]
[-0.05026107 -0.54987098  1.21473416][0.41888588 0.21415833 2.05978553][0.22780633 0.3484915  2.51275495][-1.05704969 -0.29501373  3.19610121][ 0.05877995 -0.55083297  4.29912578][ 0.41948576 -0.0439613   5.80854021][0.04513623 0.18891395 7.0423947 ][-0.2705566   0.48943394  7.48554167]
[-0.41719241 -0.55786128  0.52457819][ 0.04245953 -0.7089895   0.41949343][0.3512441  0.4710691  2.47025752]
[-0.19576922  0.04225469 -0.14657016][ 0.24978624 -0.1854218   1.08165857][0.75670651 0.07268102 2.51554488][0.31615181 0.43616995 2.96752833][-0.24875151  0.04996286  5.35720187][ 0.29723759 -0.21757366  5.35381673][-0.63900163  0.37053046  5.52258681][ 0.04966042 -0.15880927  6.99645531]
[ 0.19233813 -0.40771702  0.17870881][ 0.23949404 -0.31409976  1.42999555][ 1.18142238 -0.30762925  2.75164312][0.30031704 0.1420211  3.58317539][ 0.21336335 -0.66028755  3.97015342]
[-0.05766265  0.3949682   0.33256432][-2.29021931e-01  1.32610403e-03  1.59369389e+00][0.33571034 0.61213476 2.15287124][-0.32984465 -0.34250271  3.66484865][-0.0987779   0.08628642  3.82377838][ 0.41056237 -0.59832527  5.23360641][-0.90931096 -0.94296909  6.57704778][0.22190632 0.33230436 6.96944575][0.2422254  0.49619842 8.82154774]
[0.19010168 0.24817935 1.14012296][0.06800137 0.37390764 1.95683189][ 0.18041556 -0.47503361  2.45460709]
[ 0.87382242  0.16087552 -0.10182298][0.6443812  0.31759688 1.23007602][-0.02143723  0.34414127  2.16398694]
[-0.32129964  0.50590056  0.95980032][0.23954185 0.05480391 1.25178353][-0.59757447  0.28525485  3.29698524][-0.10170505 -0.35804358  3.52168588][ 0.0291911  -0.17294736  4.57998196]
[0.11216848 0.46914104 0.97409423][ 0.09007601 -0.50081284  2.06468922]
[-0.108357    0.53103566 -0.24682824][ 0.19456341 -0.23350175  1.85826297][0.88609872 0.44178228 2.4626999 ][-0.0916004  -0.79510849  3.58215745][-0.42815333  0.17305918  5.17994861][0.57854155 0.12263376 5.86599752]
[ 0.41250725 -0.37049442 -0.34612569][-0.26609676  0.67468396  1.98652193][-0.61351232 -0.10657128  3.11232572][0.2000221  0.37416089 3.62581997][0.11527467 0.87227487 4.09060982][0.61040598 0.2651996  5.63751416]
[0.09323926 0.03810476 0.40154358][ 0.79006759 -0.08998845  1.21564658][-0.28756929  0.29361351  2.44174453]
[-0.42209266 -0.10054192  0.10396474][ 0.64341314 -0.02827585  1.79864617][-0.08392647 -0.2031782   1.70045734][-0.66753762 -0.08886697  3.56368847][-0.23594499 -0.47979233  4.88315568][ 0.12674486 -0.02950461  5.75315611][ 0.30370185 -0.83728414  5.59846296]
[-0.25939695  0.15850833  0.09716232][ 0.05187077 -0.86917506  0.58408506][0.40653862 0.0671387  1.80441675][-0.33141774  0.05992423  3.31263346][-0.32411474  0.14118151  4.88977331][-0.32448013  0.26590899  5.80899898][-0.10526043 -0.62370599  6.9993895 ][-0.29648475  0.50577243  7.08293004][0.47884155 0.59062679 8.6181909 ]
[-0.76816327  0.14145022  0.2911443 ][0.16271733 0.1027133  1.08008007][-0.0794502   0.26071986  2.74617947][0.50744007 0.66585199 3.22152929][0.38544605 0.00436264 4.1620454 ][ 0.03269279 -0.03370084  6.55035271][0.03858286 0.0485291  6.59171722][0.27670491 0.53163888 7.32752475][-0.46316655  0.30370228  8.34348574]
[ 0.22144305 -0.02727842  0.64433108][-0.3342494   0.24040243  2.07708495][-0.0044896  -0.12566724  2.49583398][-0.59741647 -1.23370259  3.21374441][0.39879403 0.26549381 4.92254   ][-0.65036167  0.11538654  5.95002234][-0.59174535  0.05140999  6.70379959][0.7615774  0.18201208 7.256522  ]
[0.164181   0.18986884 0.21285602][-0.09357037 -0.39792528  1.44769167][-0.19252921  0.86980195  2.66078757]
[ 0.05053267 -0.95235062  0.50552297][-0.47993127  0.67362558  1.98103375][ 0.44005711 -0.00840708  2.66696143][-0.50919976 -0.39368887  3.13247646][ 0.36056283 -0.20141889  4.31351171][-0.26282356 -0.14688257  5.87562694][-0.52850556 -0.21945741  6.85663452][-0.37053593 -1.02689668  7.8192848 ][0.60133265 0.56425516 8.2170308 ]
[ 0.08892415 -0.10977567  0.85441555][-0.05842077  0.27503481  1.60339398][-0.04310896 -0.5380132   1.94552493][-0.36223494  0.08988264  4.13128833][0.55557545 0.22321123 3.10594637][ 0.6381892  -0.09400582  5.89743103][ 0.30220879 -0.59279976  7.37518471][ 0.83318405 -0.40393652  7.32552377][ 0.33793622 -0.07152814  8.20478252]
[-0.36587562 -0.16572638  1.35154493][0.31586098 0.67657116 1.48475387][0.39060457 0.83577066 2.45788522][0.34904933 0.06687226 2.8838608 ][ 0.49103469 -0.14838687  4.74993491][ 0.33863668 -0.60505711  5.50511646]
[ 0.20247044 -0.25285444  1.03270167][-0.19387489  0.37898667  1.56328574][-0.8473473  -0.06312606  2.82171533][0.43809086 0.05705404 2.8706898 ]
[ 0.37812186 -0.23972516  0.73008382][-1.14925600e-03 -1.63529305e-01  1.72240102e+00][ 0.19742392 -0.00848435  2.52786179]
[-0.5452026  -0.36587011  0.00929919][0.1248908  0.400667   1.60968545][-0.8201365   0.71458656  3.10756288][-0.61210859 -0.29614799  3.55093874]
[0.0949036  0.01450914 0.24341643][-0.31288619 -0.27962635  2.51206701][-0.25726782  0.71037235  2.18693693][-0.07816058 -0.15881146  3.34118437][0.25451964 0.62681242 4.97916725][-0.0262576  -0.00792724  5.98918269]
[-0.19310963 -0.39385859  0.73192112][-0.64720939  0.1537606   1.48045647][ 0.50178312 -0.33074448  2.7753493 ][-0.12677096 -0.39703582  3.30201282][0.3167941  0.46766945 5.54512137][ 0.92075995 -0.18166766  6.54104105][0.20966733 0.85927538 6.81074346][ 0.17217553 -0.33682394  8.11902364][-0.12378608  0.43717955  8.92784509]
[-0.38190808  0.9537375   0.37999108][0.24698863 0.47526212 0.77745975][0.7312524  0.1179927  2.34214935][-1.30199959 -0.10033912  3.1308913 ][ 0.63671556 -0.31850122  4.21010035][-0.66667773 -0.13006995  5.38340565][-0.6097212  -0.72171971  7.1704576 ][ 0.10606864 -0.31563828  7.30885193][-0.16798931  0.5995799   8.01014314]
[0.57019835 0.52170972 0.39745459][ 0.14562742 -0.70770759  0.97107038][ 0.0274492  -0.46295812  2.12661519][0.23843618 0.28808954 3.33188034]
[-0.05414279 -0.20372454 -0.0856603 ][ 0.02411133 -0.483067    1.14908819][-0.03046862  0.76260903  2.49682089][-0.31414317 -0.46718133  3.03041121]
[ 0.56669065 -0.56749315  0.62648847][-0.25362815  0.72131489  1.53840917]
[-0.12857187  0.54495626  0.42456599][-0.45389445 -0.28635704  1.63639946][ 0.27539781 -0.72324308  3.11102818][-0.03864712  0.05916574  3.73821739][-0.34860323  0.23946657  3.75447489]
[-0.23948225 -0.33014406 -0.01576684][0.652863   0.28142615 1.09881079][-0.43327035 -0.10066251  2.70414588][-0.24135363 -0.79685626  2.9793335 ]
[-0.69643102  0.30071973  0.77138953][-0.56395426  0.07815278  1.3251529 ][ 0.23280476 -0.67332695  2.46247156][0.33636981 0.11135468 2.68211991][-0.38576069 -0.43619172  4.91149785][0.42231637 0.53087893 5.24978576][-0.85651895  0.28125225  7.31781138][ 0.59709344 -0.6927402   8.72678089]
[ 0.52334965 -0.29245368  0.18756639][ 0.13491786 -0.19474733  1.18451851][-0.10188768  0.16219244  2.82191947]
[ 0.67088327 -0.63846628  0.31114972][0.25875778 0.30695624 1.05140613][-0.03977196 -0.46163349  2.81605795][-0.66951722 -0.55091047  3.59274458][0.48449148 0.05538662 5.26725314][ 0.34799866 -0.20234533  5.25939893][-0.31460715  0.25567055  6.33043501]
[-0.2570798  -0.76146021  0.7358264 ][-0.11090092  0.35274859  1.53827995][ 0.76281248 -0.35377253  2.28160116][-0.13762765 -0.41561459  3.73555674]
[ 0.03374672 -0.22059691  0.82815036][-0.31927085 -0.01745672  1.23431585][0.3658736  0.24561703 2.58162907][0.58870394 0.26103434 3.59664469][ 0.06550355 -0.57948777  5.13375901]
[ 0.23409461 -0.11738755  0.65719808][-0.21769822 -0.59493453  2.2383257 ][-0.23458234  0.19173587  3.32425329][-0.23817166  0.3687306   3.72881803][0.04029068 0.52752158 4.03354377][-0.02648004 -0.05453301  5.70522547][0.28767542 0.03782013 5.97506391][-0.45307324  0.45887585  7.1849016 ]
[-0.38422413 -0.44353081  0.39702003][-0.10472314 -0.28020909  1.41842532][-0.21259983 -0.45069519  2.15850879][-0.87058236 -0.11342027  3.35475777][-0.05795617 -0.71342584  5.23542689][ 0.6737147  -0.64318271  6.11330795][-0.60542205 -0.0917847   6.34903266][ 0.22916754 -0.32689298  7.70370086][-0.2878573   0.22761526  8.76373204]
[ 0.67490973 -0.44671213  0.44552707][-0.75464444  0.65178418  1.30327464][-1.23066433 -0.12612993  2.42060304][-0.02083875 -0.02782304  3.60046091][-0.06501104  0.15799363  5.1163792 ][-0.07884497 -0.23289807  5.40930716][-0.20249679  0.22287429  6.61386031][0.21464098 0.46953628 7.15668624][0.27502076 0.55609336 7.81529207]
[ 0.03968992 -0.42228697  0.50168971][4.70271850e-01 8.60977436e-04 1.40622580e+00][ 0.0748978  -0.28212451  2.18410515]
[ 0.45689434  0.87197973 -0.72978879][0.46470067 0.14959934 1.59607345]
[ 0.46855842  0.11864593 -0.07471081][-0.33343384  0.65990985  1.68791789][0.23825923 0.10038133 2.77905664][-0.54540214 -0.0336434   2.78403244][ 0.03515626 -0.36745476  3.91447466][-0.37523297  0.06325247  5.39020864][-0.68512533 -1.05507053  6.52122682]
[-0.17366083  0.10742406  0.09645005][-0.57100338  0.00334049  0.84146941][ 1.27581201 -0.29887569  2.49004176][0.22464806 0.03551958 3.57267937]
[-0.2310355  -0.33187245 -0.13485472][ 0.39925132 -0.04226574  2.21956187][0.78239356 0.06177801 1.70557761][-0.14763758 -0.54934356  4.40526284][-0.44357539  0.2094862   4.08799319]
[-0.38386069  0.68800343  0.64718193][-0.1896712   0.05994383  1.39715073][0.37169452 0.4108219  2.71754251][-0.61729967  0.38749543  2.98358915][0.65902934 0.32952063 4.20669359][-0.64087123 -0.32747346  6.04434662][-0.15775451 -0.36356085  6.31853959][0.34159736 0.2462171  8.10312942][-0.69246845  0.08438389  8.43512747]
[1.03633953 0.18965864 0.53424718][ 0.07296025 -0.18657134  1.75543821][0.23714349 0.0573535  2.81248289][-0.51022011 -0.19626647  2.63737443][0.046286   0.68049603 5.08701015]
[-0.04225303  1.04739808  0.88027925][ 0.53104342 -0.47487231  1.58389258]
[0.46952647 0.49107892 0.60979644][ 0.609672   -0.45376009  2.00322112][-0.86490488  0.77223704  2.75467393][0.28905809 0.0868482  4.06600023][ 0.70304363 -0.48972367  4.74030701][1.109364   0.62247362 5.88768033][-0.13970246 -1.11458505  5.90150708][-0.12507741  0.18076823  7.22299432][6.24576447e-03 2.59861951e-01 8.64371135e+00]
[-0.21751966 -0.33439749  0.1924936 ][-0.35060011  0.20723894  1.73029017]
[0.55959424 0.39839332 0.66899272][1.19277838 0.29098123 1.61647623]
[0.06785114 1.05723024 0.06375318][ 0.76436078 -0.16777929  0.14529955][0.00573439 0.04283313 2.76316407][-0.09218697 -0.46875783  3.25248417]
[0.41090407 0.54118458 0.15921662][ 0.27483423 -0.18029212  1.18728489][-0.45590123  0.91931882  2.57718813][-0.0072939   0.48271781  3.06443758][-0.73784281 -0.10726872  4.36774819][-0.30789278 -0.73355603  6.30859563][0.89873646 0.0889063  6.43291523]
[-0.10695635 -0.09997995  0.81363789][-0.14477613  0.03739329  1.93130788][-0.33730944 -0.41755973  2.07675362]
[0.55021239 0.09162286 0.38526524][0.04157762 0.05426534 1.19635871][-0.10594374 -1.26649137  2.87577325]
[-0.50365555  0.07767273  0.24815148][-0.16186662  0.32504397  0.65703358][-0.22112771  0.3434091   2.96497518][0.40166863 0.37030624 3.05426662][ 0.51185272 -0.33176377  4.31334382]
[-0.16241911 -0.58283041  0.82895701][0.19113002 0.70409206 1.3558226 ][ 0.08816787 -0.06811962  2.68163691][0.2732409  0.64312411 3.41332078][-0.15948187  0.29312425  4.55493327][-0.67750021 -0.43263463  5.23174102][ 0.24939667 -0.29126425  6.09548101][0.27784156 0.1828915  7.72744326]
[ 0.10004139 -0.69998863  0.50886453][-0.45637843  0.28548593  1.11952416][-0.12819012  0.65928526  1.75585926][ 0.59254822 -0.84717208  3.08560456][0.50042772 0.62274552 4.88559308][0.01995039 0.15641617 5.32380418][-0.7157295  -0.02982244  6.58787864][-0.19620582 -0.33808924  7.72981896]
[-0.27571232  0.26187622  0.06676653][-0.13985152 -0.37939856  1.21979585][-0.23769264 -0.2273544   1.77911945]
[ 0.20361722 -0.05558158  0.95492911][ 0.08475299 -0.39496614  2.24348347][-0.4936412   1.18286534  3.46974732][-0.25997028 -0.56097772  3.40013664][0.47716132 0.09156262 4.3274214 ]
[0.73094809 0.12045855 0.83941112][ 0.13436888 -0.38918835  1.4221384 ][-0.402248    0.54032713  2.99156884][-0.55621453  0.29618197  3.68287471][ 0.17550283 -0.58985613  4.42378162][-0.25101029 -0.05690581  5.69727071][-0.23455105 -0.18283528  6.77811903][0.84794094 0.03367212 7.36490748]
[-0.91107953 -0.30035324  0.19465113][-0.23765057 -0.35303548  1.95721062][-0.67526973 -0.44426648  1.75744252][0.04417066 0.00639325 3.13051817][-0.06830289  0.31263988  5.21461127][0.12443218 0.36611755 5.45130093]
[0.49379798 0.22453708 0.02606962][-0.65011493 -0.1810587   0.77118207][-0.24011231  0.74048907  2.34550185][ 0.04478335 -1.33833113  3.06709738][-0.06435693  0.44099004  4.09956273][-0.14558614  0.10902828  5.41656027][ 0.23778596 -0.18232274  6.68688521][0.03956696 0.09401479 7.80269867][-0.12302562 -0.53288863  8.30669719]
[0.75385966 0.16379699 0.70419807][0.23088869 0.09855934 1.35181953][0.23270068 0.13031147 2.53719127][ 0.38834801 -0.85410837  3.54547238][0.11820742 0.60715105 4.89660227][-4.45785735e-01  1.80665099e-03  5.18935659e+00][0.55368817 0.33306966 6.30464423][-0.1016225  -0.28539866  8.16860277][0.19851175 0.41072832 8.06554055]
[-0.1436614  -0.1753032  -0.12228156][ 0.17029301 -0.28551323  2.01801823]
[-0.6753042   0.23415387  0.1529932 ][0.95834695 0.11076229 1.43192676][ 0.61411065 -0.28421514  3.01133368][ 0.00889077 -0.64004546  2.90136502]
[-0.09275757 -0.13898578  0.83176104][-0.65086067  0.46201396  1.30088142][-0.20658154  0.00361503  2.92693096][-0.40950038  0.02671272  3.27009081][-0.43958656 -0.34409081  4.58027435][ 0.2812537  -0.45207826  5.11215556]
[0.60150688 0.06245861 0.4142638 ][0.42820281 0.62030113 1.36943123][0.58385106 0.23106268 2.48757983][-0.13945551 -0.6435745   3.67625446][ 0.48957582 -0.39485712  3.88372383][-0.71352461 -0.73803243  6.22405891][-0.26158949  0.01389974  6.90592988][-0.22293927  0.09576639  7.19867422]
[-0.32977543  0.50693277 -0.05666794][-0.482163    0.64098843  1.4668068 ][-0.6985066  -1.02410021  2.34508166][0.20084917 0.11006578 4.37372782][0.05432118 0.45825404 4.34823722][-0.24504925 -0.11575126  5.36248842][ 0.43228395 -0.12865395  5.83338481][-0.48904719 -0.4336394   7.92439252][ 2.13946731e-01 -5.91483830e-03  7.91739091e+00]
[0.04985209 0.05067323 0.29241679][-0.52714049  0.0379395   2.08205932][ 0.28601563 -0.66727389  1.84340315][0.26601831 0.38301001 2.9437675 ][0.12949509 0.04069916 5.33547641][-0.47890097 -0.14772902  5.71640174][0.52872096 0.27135929 6.63774861][ 0.51455687 -0.09837806  6.97264961][-0.39582725  0.26748142  7.98378595]
[0.65124378 0.07864001 0.10318698][0.88645613 0.13327698 1.44653616][-1.13804582 -0.37805984  1.6719402 ][ 0.36550131 -0.09390003  3.00334507][-0.89510531  0.49707318  4.99748186][ 0.6494239  -0.25676529  5.27596979][ 0.09070896 -0.32761874  6.72624711][0.18931221 0.44814394 7.6427068 ]
[ 0.04056773 -0.77059217  0.68972282][1.05508247 0.59021805 1.3043532 ][0.43776181 0.04479415 2.22694311][-0.49206206  0.2091684   4.08768171][0.3491646  0.54646095 4.54003484][-0.5326216  -0.65233444  5.70949592][-1.23543992  0.0483543   5.90324482]
[-0.66047063  0.24227415  0.47871907][-0.1012357   0.26765676  1.19491276][-0.44600451 -0.44991872  2.73653444][0.53821071 0.14686751 3.28268746][1.67097708e-03 7.99221027e-01 3.60213711e+00][-0.25557445 -0.91117849  5.21845115][0.86078153 1.22770318 6.54372856][0.10404498 0.17195901 7.7943667 ]
[-0.31717322 -0.26317496 -0.68848649][-0.15751308  0.59807408  1.91579291][ 1.17277335 -0.36948854  2.86550657][ 0.15481031 -0.09076069  3.76594464][0.05674949 0.02114782 4.32509659][ 0.3291982 -0.1364074  4.9479428]
